1179
1.787144777459005 0.23201056085832583
1.787111814043591 0.2364589461619167
1.786974240997419 0.24093043443055415
1.7867357182812058 0.24542419140831753
1.7863998578509777 0.24993935809080303
1.7859702125413244 0.2544751151156053
1.7854502586340724 0.2590307431214173
1.7848433742804182 0.2636056756145071
1.78415281606644 0.2681995416694903
1.7833816959271183 0.2728121966213789
1.782532960201896 0.27744374060085386
1.7816093722210595 0.28209452525631284
1.7806134993774052 0.2867651495255765
1.7795477054813384 0.2914564445854054
1.7784141492114178 0.29616944726105626
1.777214789941817 0.30090535907471533
1.7759514029598733 0.30566548592272264
1.7746256056530516 0.3104511560033991
1.7732389049750996 0.3152635839467117
1.7717927660150272 0.3201036917719813
1.7702887092431008 0.3249718681634519
1.7687284442064124 0.3298676502542377
1.767114038214934 0.33478934181534925
1.7654481066584913 0.3397336119234652
1.7637339901635105 0.3446951697742415
1.7619758596537278 0.349666661719421
1.7601786768611904 0.3546389516822366
1.758347963822739 0.35960185719819016
1.7564894024375044 0.3645452344315672
1.7546083646289818 0.36946012483534296
1.7527095089392357 0.37433962980881563
1.7507965411197473 0.37917931504518204
1.7488721573371662 0.3839771559662075
1.7469381247917302 0.38873317946265606
1.7449954336337572 0.39344898337571516
1.7430444655999455 0.3981272661791707
1.741085147500834 0.40277143337143195
1.7391170767262771 0.4073852985254991
1.737139617422808 0.41197287103847363
1.735151969556522 0.4165382169512583
1.7331532229454312 0.4210853592442994
1.7311423905085703 0.4256182273893774
1.729118432446568 0.4301406268689935
1.7270802726212333 0.4346562247875384
1.725026809314493 0.4391685460834063
1.722956922051838 0.443680976343449
1.7208694756748764 0.44819676856658064
1.7187633224670884 0.4527190521899132
1.7166373029546151 0.4572508431573085
1.7144902457130025 0.461795054469245
1.7123209665746446 0.4663545065255709
1.7101282673089555 0.47093193725820015
1.7079109340125573 0.4755300116879442
1.7056677352715102 0.48015133090016127
1.7033974201687343 0.4847984403950575
1.7010987161655315 0.4894738378464542
1.6987703269352559 0.4941799801901271
1.6964109301426482 0.49891929012580494
1.6940191751846783 0.503694162059561
1.6915936809782033 0.5085069673671356
1.6891330337091552 0.5133600591934739
1.6866357846277245 0.5182557766561059
1.6841004479457458 0.523196448376391
1.6815254987410693 0.5281843955545743
1.678909371005229 0.5332219343462911
1.676250455868526 0.5383113775015554
1.6735470999486655 0.5434550353935128
1.6707976039968493 0.5486552161266602
1.668000216856383 0.5539142340967782
1.6651531092793532 0.5592344554252833
1.662254439535566 0.5646181714067303
1.6593023176354442 0.5700676627604354
1.656294807237404 0.5755851922865172
1.6532299276440725 0.5811729972532477
1.650105656950321 0.5868332796044322
1.64691993647124 0.5925681938525649
1.6436706766963505 0.598379832328366
1.6403557651644511 0.6042702072230374
1.6369730763234107 0.6102412294842325
1.633520483963896 0.616294683725102
1.6299958762930553 0.622432199280619
1.6263971741475673 0.6286552168189504
1.622722352408449 0.6349649507280996
1.6189694649502104 0.6413623470642494
1.615136672942262 0.6478480377697228
1.6112222763014437 0.654422291904308
1.6072247477993087 0.6610849651251042
1.603142768786715 0.66783544950998
1.5989752652490827 0.674672626133861
1.5947214422448297 0.6815948237493463
1.5903808144239826 0.6885997872825067
1.5859532301359878 0.6956846598866938
1.5814388862566262 0.7028459825886872
1.5768383313315013 0.7100797144604545
1.5721524553447086 0.7173812748113366
1.5673824650112986 0.7247456077217677
1.5625298453096006 0.7321672662692453
1.557596308753857 0.7396405126261921
1.5525837357372125 0.747159427597246
1.547494109663225 0.7547180229472942
1.5423294508611105 0.7623103498976421
1.5370917538598723 0.7699305968188315
1.5317829306061788 0.7775731725822349
1.5264047622774526 0.7852327722950986
1.5209588609381852 0.7929044244819099
1.51544664078569 0.8005835210559443
1.509869298913159 0.8082658311851233
1.5042278038516392 0.8159475024364992
1.4985228910236759 0.8236250512247476
1.4927550630567858 0.8312953460640413
1.4869245940191316 0.8389555854180973
1.4810315358940054 0.8466032727915138
1.4750757265934182 0.8542361902392613
1.4690567985747878 0.8618523716781216
1.4629741872551365 0.8694500770994318
1.4568271391815915 0.8770277677391284
1.450614719264911 0.8845840830406914
1.4443358169836102 0.8921178194368058
1.4379891515259504 0.8996279108901724
1.4315732757167918 0.90711341126618
1.4250865787833125 0.9145734783510584
1.4185272877924415 0.922007359582906
1.4118934679856878 0.9294143791033441
1.4051830220115016 0.9367939260122743
1.3983936878469116 0.9441454439308886
1.3915230357724928 0.9514684213436133
1.3845684643774638 0.9587623826410616
1.3775271952901662 0.9660268800706765
1.3703962674005457 0.973261485681988
1.3631725296767263 0.980465784104621
1.3558526335457424 0.9876393650595806
1.348433024256818 0.9947818161196238
1.3409099317050137 1.001892715163387
1.3332793605958928 1.0089716225853818
1.3255370802502877 1.0160180729331618
1.3176786140902141 1.0230315659168376
1.309699229103113 1.030011556525102
1.301593925545028 1.036957444061234
1.2933574272744965 1.0438685598485027
1.2849841729324254 1.0507441535633055
1.2764683089681035 1.057583377573424
1.2678036842945313 1.064385269761238
1.2589838481677755 1.0711487339238903
1.2500020511376386 1.0778725183850841
1.2408512503539217 1.0845551924161263
1.231524119710039 1.0911951208389667
1.2220130648336192 1.097790437602662
1.2123102432917194 1.1043390189119646
1.2024075894868589 1.1108384571399472
1.1922968422403628 1.1172860376263187
1.1819695720259091 1.1236787208046066
1.1714172041240394 1.1300131320558575
1.1606310308644843 1.1362855628919883
1.1496022051778336 1.1424919865476864
1.1383217061512976 1.1486280906803354
1.126780266948719 1.154689328630888
1.1149682559292098 1.160670989017397
1.102875504225615 1.1665682809443252
1.0904910759290287 1.1723764298899257
1.0778029822961308 1.1780907766320323
1.0647978459473924 1.183706870147778
1.0514605233955046 1.1892205457145506
1.0377736991664 1.1946279791896717
1.023717463364857 1.1999257113512687
1.0092688877249074 1.2051106372223592
0.994401616814871 1.210179957321561
0.9790854957462454 1.2151310890208218
0.9632862711277776 1.2199615348704078
0.9469654229998743 1.2246687040953972
0.9300802207539413 1.2292496819771852
0.912584139628841 1.2337009430850272
0.894427815948329 1.2380180115142538
0.8755607094801795 1.2421950937467638
0.8559335045241637 1.2462247529974628
0.8355008781774189 1.2500977625088163
0.8142235399156871 1.2538033387285188
0.7920676156422989 1.257329940697394
0.7689992117548426 1.2606666356792862
0.7449730137849995 1.2638046994333365
0.7199155251221446 1.266738881041022
0.6937041221641882 1.26946786975833
0.6661412557312228 1.27199385809248
0.6369215939362712 1.2743211852841136
0.6056074226117966 1.2764527642088617
0.5717880031220486 1.2783761078290272
0.5361926100159542 1.280021203632173
0.5011729366916816 1.281302163704653
0.46754926388303764 1.2822516717245356
0.4350385422085712 1.2829362273745388
0.4032817636109859 1.283405761724537
0.37200814142367006 1.2836946695609974
0.3410230601817025 1.2838272958046353
0.3101832185822348 1.2838215637069506
0.27937909824216756 1.2836911155584452
0.24852384503171962 1.2834466003876037
0.2175462080740562 1.2830964817966688
0.18638591077217803 1.282647565995954
0.15499051639821734 1.2821053592061098
0.12331322117039956 1.2814743161815527
0.09131123771741306 1.2807580162089258
0.058944557302088856 1.27995928868006
0.026174955779798725 1.2790803020761443
0.019627929526146125 1.2788966751499828
0.013033764318324396 1.2787091210636194
0.006508662335782778 1.2785209952753582
0.00519811568094035 1.2784829097999957
0.0038857211459865076 1.2784446704027863
0.0003493792847536156 1.278341134607298
0.00012153078445104536 1.2783344389709934
6.2643064903363855e-06 1.2783310505708105
-2.360415149195809e-05 1.2783301724258826
-5.074041759079314e-05 1.2783293745639919
-0.0003221463395398897 1.2783213923414147
-0.0030405360194227828 1.2782412093790585
-0.030661803049969773 1.2774029336756
-0.06487616806273716 1.2763077134146126
-0.10013523850749659 1.275117320229279
-0.1365065503883251 1.2738278688875888
-0.17408794524801569 1.2724338361142133
-0.212991820463021 1.2709284143626594
-0.2533493527778733 1.2693031894146296
-0.29531649860713105 1.2675476814036593
-0.33908273041900294 1.265648676234986
-0.3848841783369876 1.2635892214760045
-0.43302399946167647 1.261347068777418
-0.4839044588230107 1.2588921939664666
-0.5380751680745558 1.256182898420227
-0.596280969628174 1.2531608940137136
-0.6593099438636576 1.249755860438621
-0.7265108320998827 1.2459672823693526
-0.793262150837457 1.2420327849782395
-0.8560581765996711 1.2381638384053553
-0.9151875866802671 1.2343594648041594
-0.9717063460309568 1.230563107159103
-1.026314808294296 1.2267317435397795
-1.0794354697468485 1.2228344385618644
-1.1313583516190096 1.218844453645055
-1.1823114869462583 1.2147348253996522
-1.1924254392555194 1.2138941595169934
-1.2025002234227518 1.2130480653527824
-1.2127548021151113 1.2121777457641527
-1.2154044492058176 1.2119513410918448
-1.2180510857602345 1.2117245599963886
-1.2180977024476254 1.2117205598730578
-1.2181401535131573 1.211716917024752
-1.2185646210471317 1.2116804832167267
-1.2228049588587566 1.2113156130708576
-1.2647494880551502 1.2076141529011226
-1.3139537313004053 1.2030392464340478
-1.3617713228719537 1.1983185228719286
-1.4063939056417036 1.193631060868363
-1.4464916625457294 1.1891501723095652
-1.4823965148173333 1.1848888759633571
-1.5148934569726633 1.1807992506913383
-1.5446126605330726 1.1768378162772384
-1.5720003316498457 1.1729737106263882
-1.5973794285635816 1.169185074892259
-1.6209936691512772 1.1654558284199104
-1.6430338959111146 1.1617736800828624
-1.663654084539056 1.1581289228313771
-1.6829814916005932 1.1545136775613538
-1.7011233686007519 1.1509213997080345
-1.7181715749932007 1.1473465453971319
-1.7342058525056396 1.1437843381701234
-1.7492962145959299 1.1402306014533887
-1.7635047328563236 1.1366816352220295
-1.7768869002198604 1.1331341233500314
-1.7894926906376492 1.1295850626244617
-1.8013673960348688 1.1260317074448625
-1.812552296508538 1.1224715261673062
-1.8230852041953707 1.1189021660519638
-1.8330009093948454 1.1153214248138807
-1.8423315504726179 1.1117272271625118
-1.8511069234427606 1.1081176051617994
-1.859354743478855 1.104490681414301
-1.8671008675703935 1.1008446543142714
-1.8743694856200799 1.097177784648832
-1.881183285484473 1.0934883829799162
-1.8875635964752757 1.0897747971620435
-1.8935305140546885 1.086035399858692
-1.894716594906795 1.0852574367112864
-1.895884456112626 1.08447926442418
-1.8972721987067578 1.0835382916536647
-1.8974250177337406 1.083433559617213
-1.8974895641210197 1.083389256450564
-1.8975219724283632 1.083366997005698
-1.8975339970181695 1.0833587354164174
-1.897535804567557 1.0833574934048251
-1.8975376120718088 1.0833562513927433
-1.8975394681912239 1.08335497594236
-1.8975580267682948 1.083342221410131
-1.897743351006558 1.083214673254232
-1.8995706151911473 1.0819389143354965
-1.9047790786968362 1.0781064754594627
-1.9095821297089368 1.0742768910283729
-1.9140443242459544 1.0704139751140131
-1.9181802352718607 1.066516422573404
-1.9220042276217733 1.0625824463492848
-1.9255298119947801 1.0586103465847445
-1.9287696106487833 1.0545986682633308
-1.9317352860715262 1.050546498922329
-1.9344374542075558 1.0464539609945536
-1.936885619385572 1.0423229519835289
-1.9390882099715288 1.03815811755085
-1.941052844281545 1.033967859955329
-1.9427869650532217 1.029764883851351
-1.9442988477571697 1.0255655711595302
-1.9455986760153248 1.0213878047771574
-1.9466991200842048 1.0172478635862559
-1.9476150356906874 1.0131578323757846
-1.9483624574618272 1.0091246011597612
-1.9489574275879042 1.0051503812563152
-1.9494150961579726 1.0012339575411857
-1.949749223805305 0.9973719730820421
-1.9499720123246422 0.9935599221403477
-1.9500941359567294 0.989792809251007
-1.9501248706064518 0.9860655449714933
-1.9500722575675347 0.9823731644892139
-1.949943268522807 0.9787109362601124
-1.9497439569916537 0.9750744082526717
-1.9494795910468634 0.971459416874221
-1.9491547668018587 0.9678620766624669
-1.9487735042863037 0.9642787607676591
-1.948339327942788 0.9607060772233311
-1.9478553340298121 0.9571408439196107
-1.9473242470087762 0.9535800637590581
-1.9467484666960537 0.9500209006245199
-1.9461301077145885 0.9464606566174448
-1.9454710324821232 0.9428967504944487
-1.9447728788884804 0.9393266978450151
-1.9440370836893734 0.935748093545036
-1.9432649027402262 0.9321585979385579
-1.9424574294459924 0.9285559294191431
-1.9416156132286222 0.9249378676575071
-1.940740280668836 0.9213022746773918
-1.9398321631161553 0.9176471444187011
-1.9388919362018953 0.9139706962295198
-1.9379202785809484 0.9102715327540727
-1.9369179588041538 0.9065488860052471
-1.9358859587740695 0.9028029714451058
-1.934825636453593 0.8990354485802594
-1.9337389141882144 0.8952499330777178
-1.9326284488840055 0.8914524133875464
-1.9314977040195258 0.8876513240988506
-1.930350831705617 0.883857017146529
-1.9291923269450182 0.8800805673886027
-1.9280265340559068 0.8763322179529688
-1.9268571815963746 0.8726200307909814
-1.9256871035019143 0.8689491930693853
-1.9245181888107625 0.8653220436551319
-1.9233514967241243 0.8617385713855832
-1.9221874420606393 0.8581970725813394
-1.921025980903048 0.8546947575383881
-1.9198667634241957 0.8512282204456134
-1.9187092468765463 0.8477937666489391
-1.9175527738447558 0.844387624055982
-1.9163966241183497 0.8410060711052757
-1.9152400479785125 0.8376455088232955
-1.9140822869132386 0.8343024970705971
-1.9129225860339814 0.8309737686407782
-1.911760201008439 0.8276562298610562
-1.910594401865469 0.8243469545683787
-1.9094244744456355 0.8210431735660042
-1.9082497203701962 0.8177422618751062
-1.9080048122493374 0.8170561094750158
-1.9077597665205124 0.8163702495785751
-1.9077566648815112 0.8163615727012405
-1.907753563220795 0.8163528958707357
-1.9077527485190942 0.8163506167777307
-1.9077520230749074 0.8163485873850429
-1.907751361942571 0.8163467379066448
-1.9077447505631808 0.816328243239685
-1.9076786311747016 0.8161433082720451
-1.907016885773837 0.8142951286508305
-1.905824890740634 0.8109781538772396
-1.9046311518483459 0.8076713565731373
-1.9034297415974133 0.8043578249295641
-1.9022200786956311 0.8010356159152582
-1.9010015321467995 0.797702703605497
-1.899773475900403 0.7943571264502745
-1.8985352865557137 0.7909969771397647
-1.897286341709176 0.7876203948148156
-1.8960260183485882 0.7842255579013542
-1.894753691252838 0.7808106773970466
-1.8934687314170797 0.7773739906141727
-1.8921705044666832 0.7739137552383258
-1.8908583690542424 0.7704282436536991
-1.889531675251926 0.7669157375389702
-1.88818976284805 0.7633745224689933
-1.8868319596097738 0.7598028826693856
-1.8854575794605224 0.7561990957733898
-1.8840659205377877 0.7525614274811089
-1.8826562631734685 0.7488881262248277
-1.8812278677663705 0.745177417755339
-1.8797799725934765 0.7414274997671644
-1.8783117915898828 0.7376365366363044
-1.8768225122133053 0.7338026545651042
-1.875311293534326 0.7299239374880951
-1.8737772647798219 0.7259984243061463
-1.8722195246327222 0.7220241081968563
-1.870637141779683 0.7179989392108296
-1.8690291572687534 0.7139208315133312
-1.867394589487693 0.7097876772249908
-1.8657324427099693 0.7055973691089676
-1.8640417113536274 0.7013478122028752
-1.862321410084048 0.6970370000099874
-1.8605706058352165 0.6926630941843187
-1.8587884453453558 0.6882244916556476
-1.8569741985246 0.6837199297663503
-1.8551273079234052 0.6791486044669405
-1.853247438660635 0.674510287271605
-1.8513345160365609 0.669805409495078
-1.849388727798577 0.6650350579899935
-1.847410454216855 0.6602007944024357
-1.8454000759526352 0.6553041803622952
-1.8433576035257602 0.650345879427494
-1.8412820817214735 0.645324233524704
-1.839170748450426 0.6402332781145736
-1.8370179757824636 0.6350602781029809
-1.8348141886556197 0.6297832672736722
-1.8325459016629866 0.6243713137594076
-1.8302029877101034 0.6188019563429151
-1.8278145248855429 0.61314580478439
-1.8254925738956955 0.6076678433301201
-1.8233234844151227 0.6025688491031318
-1.8212989525148267 0.5978255887082884
-1.819385153935387 0.5933558421540546
-1.8175553186278735 0.5890949486130942
-1.815790985611114 0.5849983537230858
-1.8140790739990653 0.5810344943550819
-1.8124098791875838 0.5771799681042007
-1.8107759088527593 0.5734167290494162
-1.8091711892402935 0.5697304154093059
-1.8075908310431266 0.5661093019912842
-1.806030744978652 0.562543613191062
-1.8044874479405397 0.5590250543387907
-1.8029579263328743 0.5555464810391787
-1.8014395369176959 0.5521016591374714
-1.799929933089882 0.5486850861807522
-1.798427008845718 0.5452918557242361
-1.796928855391587 0.5419175522818248
-1.795433727003993 0.5385581687284156
-1.7939400137385892 0.5352100403508642
-1.792446219324056 0.5318697915196775
-1.7909509430308994 0.528534292052736
-1.789452864648257 0.52520062116756
-1.7879507318960055 0.5218660373940651
-1.7864433497706753 0.5185279532327822
-1.784929571424914 0.5151839135923583
-1.7834082903630553 0.5118315774626483
-1.7818784336017073 0.5084687019977709
-1.7803389557143658 0.5050931287918232
-1.7787888335820468 0.5017027719227215
-1.7772270617050474 0.4982956074204816
-1.7756526480327899 0.49486966404465027
-1.7740646102097604 0.4914230151302893
-1.772461972180486 0.487953771363996
-1.770843761112971 0.48446007438988287
-1.7692090046116875 0.4809400911726287
-1.7675567281975721 0.47739200905987106
-1.7658859530331557 0.47381403148880485
-1.764195693887703 0.47020437431869516
-1.7624849574067742 0.46656126291912203
-1.760752740652982 0.4628829299335739
-1.7589980300033006 0.45916761389009564
-1.7572198005070714 0.45541355886578927
-1.7554170157974358 0.45161901538217153
-1.7535886287775062 0.44778224297217584
-1.7517335809182828 0.44390150986667504
-1.749850785584352 0.43997505949835036
-1.7479391804725288 0.4360012211630114
-1.745997710303047 0.43197837433502173
-1.7440253397202643 0.42790497598026694
-1.7420210717307372 0.4237795987271419
-1.7399839748888606 0.41960098616425656
-1.737913223039498 0.4153681325525318
-1.735808152759557 0.41108039669634444
-1.7336683454658472 0.4067376630690469
-1.7314937423762806 0.40234056527303386
-1.7292848005894135 0.3978907864970128
-1.7270426950425792 0.393391444016714
-1.7247695597943296 0.3888475418371749
-1.7224687391762956 0.38426643045875164
-1.7201449840934964 0.3796581449342508
-1.7178044927131957 0.37503542580538424
-1.7154546898755232 0.37041322485247447
-1.713103702942984 0.365807628765353
-1.7107596206131657 0.361234387335885
-1.708429739910135 0.35670745663036335
-1.7061200174588709 0.3522379744033743
-1.7038348325301067 0.34783386166497915
-1.7015770304946514 0.34349997169755137
-1.699348136949085 0.33923856100147565
-1.6989081545977598 0.3383993537561143
-1.6987968482323996 0.3381871558927493
-1.6986855444668987 0.33797500500666827
-1.6986535204653832 0.3379139733434774
-1.6986214966790425 0.3378529455685214
-1.6986178357161101 0.3378459690878152
-1.6986141747559897 0.3378389926579228
-1.6986130650320796 0.3378368779454051
-1.698612492561593 0.33783578703560246
-1.698611920091174 0.33783469612704226
-1.6986113731136079 0.3378336537991167
-1.6986059033408045 0.33782323058224695
-1.6985512058986163 0.3377190046520181
-1.6980042601053276 0.33667736903619255
-1.6958383174377456 0.3325625689290343
-1.6936716804256842 0.32846262148317884
-1.6915124109353386 0.32439265667836686
-1.689358724800425 0.3203491194633852
-1.6872084626409887 0.31632781054241
-1.685059127984678 0.31232397003901335
-1.682907851789402 0.30833222327821425
-1.6807513331568649 0.3043464843990086
-1.6785857506924997 0.30035980894752484
-1.6764066343961739 0.2963641786194319
-1.6742086813496664 0.29235018996009826
-1.6719854871051965 0.2883065993908345
-1.6697291445534228 0.2842196425779148
-1.6674296248352538 0.28007198275218104
-1.6650737837735137 0.27584102173921077
-1.662643700451064 0.2714960758566385
-1.6601138264014785 0.2669935386864003
-1.657446441939262 0.2622692338209225
-1.6545899258322174 0.25723603273318896
-1.6515366350236114 0.25188587032224835
-1.6485319527866298 0.24665082955702874
-1.6457764517870728 0.24187598947091957
-1.643217360849252 0.23746377397574142
-1.6407752286159931 0.23327317795101143
-1.638402683257733 0.22922063055960054
-1.6360691877134708 0.22525267292450712
-1.633749152689002 0.2213251612427586
-1.6314148246493239 0.21739109234761622
-1.629027929544942 0.2133866962686853
-1.6265204472200137 0.20919985318713924
-1.6237253637906082 0.20455672877398673
-1.6213562959181027 0.2006410153502096
-1.6192683951488738 0.19720500667382906
-1.6171825551485193 0.1937863803686819
-1.6152494695776534 0.19063058173583644
-1.6134288202088967 0.1876692906014889
-1.611689224697867 0.18484974754437328
-1.6100115560575605 0.18213974174305847
-1.6083830178423721 0.17951769680467605
-1.606794344587462 0.17696799004813604
-1.6052384605569738 0.17447870380880842
-1.6037097519599466 0.17204040201226165
-1.602203633428417 0.1696453997672826
-1.600716271840285 0.16728729717376337
-1.5992444012561142 0.16496066643608348
-1.59778519378336 0.16266083326103342
-1.5963361665068785 0.1603837191624324
-1.594895112552427 0.15812572459120852
-1.5934600488217636 0.15588364031729005
-1.5920291755897193 0.1536545789437695
-1.5906008447084619 0.15143592105603496
-1.5891735342022235 0.1492252722550855
-1.5877458276816019 0.147020428415653
-1.5863163974645547 0.14481934728108853
-1.5848839905555532 0.14262012495954077
-1.5834474169039336 0.14042097633363942
-1.582005539435654 0.1382202185318677
-1.5805572655484394 0.13601625692813832
-1.5791015397535673 0.1338075731389749
-1.577637337281487 0.1315927147028903
-1.5761636584793794 0.12937028615065854
-1.5746795238344842 0.12713894119082092
-1.5731839695610632 0.12489737589717337
-1.5716760436210995 0.12264432268661238
-1.5701548021368168 0.12037854501176752
-1.568619306124344 0.11809883265205873
-1.5670686185118243 0.1158039975399193
-1.5655018013878632 0.1134928700348817
-1.5639179134729566 0.11116429562907884
-1.5623160077697804 0.10881713201436419
-1.5606951294016889 0.10645024652104827
-1.559054313591525 0.10406251385480472
-1.5573925838267042 0.10165281419618032
-1.5557089501420707 0.0992200315602136
-1.554002407600078 0.09676305252929246
-1.5522719349105192 0.0942807652724265
-1.5505164932739404 0.09177205896890103
-1.5487350181529917 0.08923581326413735
-1.5469264140822059 0.08667089234551385
-1.5450895848680917 0.08407618914313977
-1.543223414045336 0.08145059871855453
-1.5413267655048852 0.07879302056809766
-1.539398484234054 0.07610236111542695
-1.5374373974852222 0.07337753682780904
-1.5354423166633322 0.07061747833866575
-1.533412039866949 0.06782113545473771
-1.531345355296941 0.06498748330929142
-1.5292410456010113 0.0621155297110319
-1.5270978933506618 0.05920432390566098
-1.5249146877227373 0.056252966785297405
-1.5226902326132423 0.053260622781388885
-1.5204233562485756 0.05022653344238537
-1.518112922413135 0.047150032759351077
-1.515757843447045 0.04403056433551299
-1.5133570949313175 0.04086770016924154
-1.5109097320493212 0.03766116091060205
-1.5084149074633462 0.03441083724992095
-1.505871890370993 0.031116811874590405
-1.5032800862314195 0.0277793812205385
-1.5006390565437 0.024399076134893165
-1.4979485378109014 0.020976680288903263
-1.4952084585654126 0.01751324491296436
-1.4924189534084842 0.01401009860275702
-1.4895803727616777 0.010468850709588053
-1.486693287281911 0.00689138724616024
-1.4837584857591715 0.0032798581695695785
-1.4807769663112016 -0.0003633437783317427
-1.4777499202273752 -0.004035613011852402
-1.4746787086141615 -0.007734169131224331
-1.4715648345797898 -0.011456099258235824
-1.4684099109467517 -0.015198404324651634
-1.4652156245359813 -0.01895804771553295
-1.4619837002945666 -0.022732002152555594
-1.4587158667649427 -0.026517292996966396
-1.4554138242107784 -0.03031103648557229
-1.45207921702465 -0.03411047117621396
-1.448713611113798 -0.03791298206469973
-1.4453184766802207 -0.04171611721791206
-1.441895176536044 -0.04551759711959018
-1.438444959922803 -0.04931531713794723
-1.4349689615286656 -0.05310734383039042
-1.4314682057734276 -0.05689190537997674
-1.4279436162830514 -0.06066737662729973
-1.4243960268806455 -0.06443226295670419
-1.4208262094075603 -0.06818516713956939
-1.41723490686189 -0.07192475226281422
-1.413622875058609 -0.0756496978541761
-1.4099909449847103 -0.0793586374594252
-1.406340110575203 -0.08305007440315006
-1.4026716519079963 -0.08672226760108519
-1.3989873064971339 -0.09037307745663678
-1.395289500834044 -0.09399976340332063
-1.39158164955607 -0.09759873019623358
-1.387868511895724 -0.10116523746876438
-1.3841565587132323 -0.10469312035300446
-1.38045423814637 -0.10817462583182517
-1.3767720020229173 -0.11160048394721608
-1.3731218886980772 -0.11496038256552651
-1.3695166022364622 -0.11824386814237292
-1.3659682640059019 -0.12144148066154527
-1.3624872035848996 -0.1245457783954432
-1.3590811639074676 -0.12755193138733223
-1.3557550799253362 -0.13045777775413225
-1.3525113339636208 -0.13326346606359202
-1.3493502651312308 -0.13597090358870095
-1.3462707298277772 -0.13858319534028962
-1.3432705938672103 -0.14110417404702494
-1.3403471135351008 -0.1435380498299073
-1.3374972077632916 -0.14588916942658856
-1.3347176417769184 -0.1481618609671547
-1.3320051454864301 -0.1503603398637052
-1.3293564863214662 -0.1524886561098249
-1.3267685115471397 -0.154550668449244
-1.3242381705624282 -0.15655003550275853
-1.321762524321834 -0.15849021726799553
-1.3193387466241089 -0.16037448272008897
-1.3169641203470577 -0.16220592080989818
-1.3146360305495763 -0.16398745321783717
-1.3123519556651064 -0.16572184785440694
-1.3101094575868757 -0.1674117324796277
-1.3079061709471513 -0.16905960822227822
-1.3057397918575042 -0.17066786281780547
-1.3053134593301692 -0.17098295808439884
-1.3048871205968153 -0.1712975975559816
-1.3044677989962576 -0.1716066094541738
-1.3040484711860505 -0.17191518091253324
-1.3040286259925349 -0.17192977340236107
-1.3040229305058952 -0.1719339612012441
-1.3040172350180899 -0.17193814891891995
-1.3040132995887224 -0.17194104247161152
-1.3040124720749284 -0.17194165090208308
-1.3040120237153168 -0.17194198055828117
-1.3040115753556987 -0.171942310213976
-1.3040111298088317 -0.17194263780110108
-1.3040066743401995 -0.17194591364501977
-1.3039621196574696 -0.17197866935104295
-1.3035165731609841 -0.17230595315179925
-1.301436938669297 -0.17382702287694982
-1.2993551290325174 -0.1753388724858249
-1.2972817021978384 -0.17683390087141718
-1.2952144505004644 -0.17831383069124393
-1.2931508799527032 -0.17978054143543234
-1.291088254740516 -0.18123603129362398
-1.2890235379385693 -0.18268245272790032
-1.2869533132953674 -0.1841221591852363
-1.2848736809975114 -0.1855577670717435
-1.2827801152215856 -0.18699224025145092
-1.2806672640535448 -0.1884290086411008
-1.2785286592943614 -0.18987214029532312
-1.2763562794834926 -0.19132660086997397
-1.2741398615002006 -0.1927986631498591
-1.2718657564045883 -0.19429658913179285
-1.269514901628629 -0.19583184114664268
-1.2670589558888365 -0.19742139216203397
-1.2644524951503606 -0.19909237776655633
-1.2616198326806871 -0.20088976327319463
-1.2585081817372055 -0.20284188306035408
-1.2558371482970285 -0.20449901499050901
-1.2531916168044692 -0.2061234669718515
-1.2507148164315636 -0.20762914346993064
-1.2483512909158485 -0.20905231408392538
-1.2460542656769995 -0.21042270367915333
-1.2437930970579358 -0.21175946496445017
-1.2415423156379894 -0.21307805595696902
-1.2392741912847676 -0.2143946935333359
-1.2369500758333887 -0.21573124864489104
-1.2345004992681141 -0.21712619828675522
-1.23175911379105 -0.21867062573318025
-1.229499849645933 -0.21993021569345525
-1.2274872141029423 -0.22104226657400336
-1.2254748312056187 -0.22214474165740214
-1.2236033240510804 -0.22316158810798026
-1.2218364865927425 -0.22411410570040505
-1.2201456616759374 -0.22501887374264798
-1.2185131031524088 -0.22588619120313166
-1.2169268194166878 -0.2267230324476413
-1.215378076105222 -0.22753447597736864
-1.2138601779730882 -0.22832440522557018
-1.2123678005065115 -0.22909589518474158
-1.2108965889854988 -0.22985144542727837
-1.209442902053587 -0.23059312976915153
-1.2080036395280305 -0.2313226971521029
-1.206576122369884 -0.23204164222505108
-1.2051580064320435 -0.2327512562466642
-1.203747219044061 -0.23345266466165648
-1.202341911422908 -0.23414685542432614
-1.2009404224773539 -0.2348347006639312
-1.1995412509028907 -0.23551697350347756
-1.1992616366669446 -0.23565279009643658
-1.1989820078485751 -0.23578843711955938
-1.1988932272711625 -0.23583146734804772
-1.1988625231739607 -0.23584634488740563
-1.1988532186219274 -0.23585085294807975
-1.1988439140536689 -0.23585536082110972
-1.1988362682966212 -0.23585906488770406
-1.1988343311839966 -0.23586000332112098
-1.1988323940706687 -0.23586094174640507
-1.1988306463696667 -0.235861788404487
-1.1988290602115168 -0.23586255679853602
-1.1988131985958752 -0.235870240439123
-1.1986545790235965 -0.235947046856551
-1.1972467431329572 -0.236626226353267
-1.1958463079323345 -0.23729734795004645
-1.194442797557171 -0.23796546097437668
-1.1930351059100477 -0.23863106545326074
-1.1916220958825483 -0.23929466181111517
-1.1902026601574929 -0.23995672205834323
-1.1887757092045081 -0.24061769573171968
-1.1873401604271878 -0.24127801505239221
-1.185894927786002 -0.2419380996342255
-1.1844389121800802 -0.24259836062321502
-1.1829709930052275 -0.24325920409480076
-1.1814900216369992 -0.24392103339852766
-1.1799948180031503 -0.24458424997546138
-1.1784841718983923 -0.2452492519912019
-1.1769568514472444 -0.24591642984637047
-1.175411621873489 -0.24658615737135622
-1.1738472788047278 -0.2472587771486946
-1.1722627011650597 -0.2479345781867632
-1.17065692920099 -0.24861376412295544
-1.169029271946891 -0.24929641083690124
-1.1673794436966693 -0.24998241447439537
-1.1657077176482402 -0.2506714355825178
-1.1640150634555 -0.2513628534444131
-1.1623032046853206 -0.2520557560828765
-1.1605745034168011 -0.2527490008900274
-1.158831580263446 -0.25344137750035267
-1.1570766186335257 -0.2541318857397897
-1.1553104905192602 -0.25482006678465347
-1.1535317193449162 -0.2555063766069684
-1.1517354014801275 -0.2561925508361601
-1.1499119224882897 -0.2568820207447778
-1.1480451890511751 -0.2575804763028353
-1.146111370673037 -0.25829619128393616
-1.1440930126055953 -0.2590347083662793
-1.1420752332400166 -0.2597643745638336
-1.140224283554993 -0.26042613773749823
-1.1385434577023819 -0.2610208151641151
-1.136980511479171 -0.26156845212710406
-1.1355001478368698 -0.2620824238391603
-1.1340815170780723 -0.26257065472866986
-1.1327111750299745 -0.263038272242012
-1.1313796908008675 -0.26348887768807033
-1.1300800446462338 -0.2639251489772473
-1.1288067831523902 -0.2643491601143372
-1.127555529875413 -0.26476256715109636
-1.1263226813188014 -0.2651667242037876
-1.1251052076071963 -0.2655627598010564
-1.1239005160855076 -0.2659516292947838
-1.1227063546582536 -0.26633415209608524
-1.1215207412591148 -0.2667110388961949
-1.1203419111123147 -0.26708291204440376
-1.1191682764334225 -0.26745032112335265
-1.1179983950730084 -0.2678137550602861
-1.1168309457044736 -0.26817365169317636
-1.1156647079080189 -0.26853040542589846
-1.1144985459559642 -0.26888437343137706
-1.113331395481794 -0.26923588072110344
-1.112162252356571 -0.26958522433859783
-1.1109901633376331 -0.26993267684802974
-1.1098142181098303 -0.2702784892630936
-1.1086335424643332 -0.27062289351658486
-1.1074472923720384 -0.2709661045619396
-1.1062546488178187 -0.2713083221615105
-1.1050548132210107 -0.2716497324248834
-1.1038470033735992 -0.2719905091270203
-1.102630449789473 -0.27233081484501725
-1.1014043923655452 -0.272670801947931
-1.100168077369098 -0.27301061344094024
-1.0989207546093327 -0.27335038370764736
-1.0976616748273051 -0.27369023914406393
-1.096390087241753 -0.2740302987041181
-1.095105237191168 -0.27437067437443013
-1.0938063638968103 -0.2747114715727793
-1.0924926983133687 -0.2750527894800807
-1.0911634609893377 -0.2753947213263515
-1.0898178600166992 -0.27573735460952553
-1.0884550889715012 -0.27608077127214975
-1.087074324884568 -0.2764250478246892
-1.085674726189328 -0.2767702554275058
-1.0842554306846346 -0.2771164599202655
-1.0828155534497048 -0.2774637218123773
-1.0813541847452985 -0.2778120962235526
-1.079870387890883 -0.27816163277456224
-1.0783631970714538 -0.27851237543622553
-1.0768316151375317 -0.2788643623183386
-1.075274611345348 -0.2792176254077944
-1.0736911190620995 -0.27957219024640456
-1.0720800334287022 -0.2799280755464406
-1.0704402090257705 -0.28028529273000247
-1.068770443636415 -0.2806438483534542
-1.0670695012644986 -0.2810037379413658
-1.0653361003564692 -0.28136494740987716
-1.06356890939663 -0.28172745272287625
-1.0617665448332914 -0.28209121894849754
-1.059927569124648 -0.28245619920003934
-1.0580504890866809 -0.2828223334251684
-1.0561337545447553 -0.28318954704681243
-1.0541757576131163 -0.28355774939960293
-1.0521748327521319 -0.28392683194755314
-1.0501292580480042 -0.28429666622156863
-1.0480372585179787 -0.28466710136767037
-1.0458970128241631 -0.28503796112472923
-1.0437066660663106 -0.28540903988268473
-1.0414643538162927 -0.2857800971574272
-1.0391682473342028 -0.28615084923800543
-1.0368166391612224 -0.2865209556781664
-1.0344081051984806 -0.28688999644193447
-1.0319418088105545 -0.28725743251824826
-1.0294180565756226 -0.2876225389843805
-1.0268392582790071 -0.2879842977119796
-1.0242114075586404 -0.2883412475630747
-1.021545880034105 -0.2886913355332916
-1.0188605296166702 -0.289031905693028
-1.0161782870808667 -0.2893600163373466
-1.0135225722717256 -0.28967308086230803
-1.01091200422408 -0.28996945510700406
-1.008357855462204 -0.2902485888023525
-1.0058647696386496 -0.2905107817903357
-1.0034328854723729 -0.29075682959666854
-1.0010597937689036 -0.2909877456734373
-0.998741839068023 -0.29120459531867754
-0.996474855465479 -0.29140841170854004
-0.9942545413298814 -0.29160015959147517
-0.9938193593600826 -0.29163683325772605
-0.9937071792452048 -0.2916462387322255
-0.9935949858741727 -0.2916556255819263
-0.9935147583214872 -0.29166232585717555
-0.9934999314485552 -0.2916635630321962
-0.9934988353825025 -0.2916636544758058
-0.9934982591885579 -0.29166370254629065
-0.9934976829942609 -0.2916637506162844
-0.9934971240861473 -0.29166379724364994
-0.9934915349855442 -0.29166426349189234
-0.9934356420324709 -0.29166892343306
-0.9928765174921739 -0.29171526872151715
-0.9907348083388084 -0.29188825722728473
-0.9885945258828008 -0.29205397919178494
-0.9864576940021225 -0.2922123486714503
-0.9843200740059292 -0.2923637395464649
-0.9821769817258583 -0.2925084995173105
-0.9800231479334893 -0.29264695233044935
-0.9778525019384491 -0.29277940157921
-0.9756578593682552 -0.2929061352536438
-0.9734304509435993 -0.29302743191425645
-0.9711591725210029 -0.2931435702220732
-0.9688293123678564 -0.29325484550862096
-0.9664202099594179 -0.29336160195276456
-0.9639004747347655 -0.2934643025051601
-0.9612167587992814 -0.2935637016625279
-0.9582625522733688 -0.2936613231949602
-0.9548277282879365 -0.29375945100918766
-0.9520845375175162 -0.29382607599869265
-0.949382250473143 -0.2938816209805901
-0.9468583880457702 -0.2939245466473735
-0.9444446109396386 -0.29395758894474805
-0.9420870062931216 -0.293982371452366
-0.9397484934704691 -0.29399970744323817
-0.9373935483656799 -0.2940099399071549
-0.9349744216140449 -0.29401297265312304
-0.9324001024637216 -0.29400795801022334
-0.9293609788192274 -0.2939912193356758
-0.9270884890937676 -0.2939711318124856
-0.9250467802593095 -0.29394761613327997
-0.922998789574158 -0.29391887551492596
-0.9210847883038586 -0.2938873903457786
-0.9192713128232155 -0.29385347075647317
-0.9175312076734502 -0.2938172138275334
-0.9158473662929263 -0.2937786972779936
-0.9142080918274049 -0.29373798200928075
-0.9126047910006662 -0.29369511182735797
-0.9110308292598854 -0.29365011530755036
-0.9094808949618183 -0.29360300791422955
-0.9079506144465412 -0.29355379384339764
-0.9064363038901823 -0.29350246751677583
-0.9049348014290903 -0.2934490147648276
-0.9034433491304636 -0.29339341375440997
-0.9019595073299413 -0.2933356357114677
-0.9004810908421432 -0.293275645482678
-0.8990061203132471 -0.2932134019658172
-0.8975327844077559 -0.293148858435364
-0.8960594098820579 -0.293081962781821
-0.8945844375529606 -0.29301265768101287
-0.8931064026817213 -0.2929408807026833
-0.8916239187642793 -0.29286656436818254
-0.8901356639762176 -0.29278963616450454
-0.8886403696721802 -0.2927100185182819
-0.8871368105460368 -0.29262762873558357
-0.8856237960803481 -0.29254237890844736
-0.884100163053165 -0.29245417579169364
-0.8825647689076653 -0.29236292065223035
-0.8810164857622608 -0.29226850908838764
-0.8794541950097837 -0.2921708308244785
-0.8778767823444866 -0.292069769477704
-0.8762831331227676 -0.2919652022967442
-0.8746721280269297 -0.2918569998743274
-0.8730426389303751 -0.29174502583062045
-0.8713935249040075 -0.2916291364658485
-0.8697236283693053 -0.2915091803844885
-0.8680317712870899 -0.29138499808475116
-0.8663167513876229 -0.2912564215144663
-0.8645773384010875 -0.29112327359092616
-0.8628122702399666 -0.29098536768111666
-0.8610202491238947 -0.2908425070412955
-0.8591999376016987 -0.2906944842118216
-0.8573499544466927 -0.29054108036437276
-0.8554688704294344 -0.29038206460081784
-0.8535552038577594 -0.290217193193168
-0.8516074159650352 -0.2900462087696004
-0.8496239060379525 -0.2898688394355732
-0.8476030063034005 -0.2896847978295186
-0.8455429765023224 -0.28949378010441223
-0.8434419981793485 -0.2892954648353268
-0.8412981686308483 -0.28908951184530735
-0.839109494465462 -0.2888755609425003
-0.8368738847981751 -0.28865323056784986
-0.8345891440349106 -0.28842211634676673
-0.8322529445811343 -0.2881817875024614
-0.8298628546075099 -0.28793178881441944
-0.8274163158617708 -0.28767163753533986
-0.8249106318503191 -0.28740082123872607
-0.8223429584242522 -0.2871187958456307
-0.8197102938861633 -0.28682498354185076
-0.8170094687118556 -0.28651877059803227
-0.814237134973845 -0.2861995051070325
-0.8113897555711911 -0.2858664946578585
-0.8084635933984418 -0.28551900397230123
-0.8054547006828378 -0.285156252546224
-0.8023589086382975 -0.284777412333379
-0.7991718180475664 -0.28438160557255204
-0.7958887908192883 -0.28396790279926126
-0.7925049434572197 -0.2835353212020344
-0.7890151427559906 -0.2830828234193005
-0.7854140047952076 -0.2826093169814978
-0.7816958978838716 -0.2821136545657718
-0.7778549507062335 -0.28159463532454077
-0.7738850665750817 -0.2810510075216133
-0.769779944926767 -0.2804814727545306
-0.7655331110044089 -0.27988469202891153
-0.7611379543882357 -0.2792592939165938
-0.7565877763967473 -0.2786038849355158
-0.7518758455510663 -0.27791706215089346
-0.746995459516844 -0.2771974278476774
-0.7419400098847765 -0.27644360576580923
-0.7367030452265676 -0.27565425816790823
-0.7312783259820073 -0.27482810262741725
-0.7256598638530305 -0.27396392717778356
-0.7198419382774415 -0.2730606023390702
-0.7138190829154853 -0.2721170885082445
-0.707586038023304 -0.27113243761298644
-0.7011376671365864 -0.27010578834827065
-0.6944688404764132 -0.2690363550248108
-0.6875742914056809 -0.2679234108198273
-0.6804484542151071 -0.2667662667050782
-0.6730852934836166 -0.2655642478189004
-0.665478134514163 -0.2643166690825363
-0.6576195022684672 -0.2630228116286752
-0.6495009753126086 -0.26168190151524423
-0.6411130576041414 -0.2602930915977792
-0.6324450705895343 -0.2588554473361701
-0.623485067039213 -0.25736793707559436
-0.6142197695630844 -0.2558294275081099
-0.6046345387429441 -0.2542386852497513
-0.5947133807625188 -0.2525943861597503
-0.5844390107478418 -0.250895134904251
-0.5737929975576156 -0.24913949859125656
-0.5627560267508391 -0.24732605973936098
-0.551308331934634 -0.24545349550072523
-0.5394303568909639 -0.24352069125916886
-0.5271037132909311 -0.24152689606416292
-0.5143124775167616 -0.2394719227112406
-0.5010448060454228 -0.23735638397401243
-0.4872947153869338 -0.23518193513629435
-0.47306368230460416 -0.23295146494087568
-0.4583615372750228 -0.2306691537494407
-0.44320610551619033 -0.22834032339051802
-0.42762134170930355 -0.22597105715769675
-0.4116342662848608 -0.22356765834970982
-0.39527152536866594 -0.22113608849604266
-0.3785565042741523 -0.21868152955582207
-0.36150756638767045 -0.21620814714688252
-0.3441374708962816 -0.21371904753546417
-0.32645366025348305 -0.2112163680986242
-0.30845901297672024 -0.20870143202979496
-0.2901527362570828 -0.20617491515644876
-0.2715312044333996 -0.20363699582270772
-0.2525886587065264 -0.20108747665660653
-0.233317750129241 -0.19852587734660854
-0.21370994056312834 -0.19595150221978222
-0.19375578760228837 -0.19336348772800538
-0.1734451389332886 -0.19076083453241138
-0.1527672590009642 -0.18814242818581883
-0.1317109046881155 -0.18550705131357684
-0.11026436328321812 -0.1828533895191646
-0.08841546160059875 -0.18018003250186
-0.06615155241016575 -0.17748547140393106
-0.04345948208467308 -0.17476809302869234
-0.020325541708538827 -0.1720261712938425
-0.01567441987482571 -0.17147820509488457
-0.010990096170321042 -0.1709274113238829
-0.006350460063917935 -0.1703829303873181
-0.0016782272938034607 -0.16983567445317155
-0.0004030865186177746 -0.1696864991921788
-0.00028112421341284393 -0.16967223520143948
-0.00015913973039851533 -0.16965796932292806
-0.00010211520541308534 -0.16965130064351017
-4.508583382775168e-05 -0.16964463155155138
-2.879324939159961e-06 -0.16963969596453887
1.7181478136273955e-05 -0.16963735010386793
3.527554220382086e-05 -0.16963523424515523
0.0002162430161976298 -0.16961407337399156
0.0020286038640048984 -0.1694022360242693
0.020423598677832142 -0.1672607624816034
0.04486838392390077 -0.16443823895431242
0.0700964661853962 -0.1615512234020545
0.09610727149113762 -0.15860009813078468
0.12294431317645596 -0.15558005171431613
0.150654571679085 -0.15248576836184732
0.17928809718012087 -0.14931144128676324
0.20889753533272448 -0.14605078338065108
0.23953700150568932 -0.14269709638427408
0.271259830402511 -0.1392434460899824
0.30411446384051005 -0.1356830192362978
0.33813745446927557 -0.13200976940144105
0.37334248766486766 -0.1282194716132511
0.4097050895174049 -0.12431123390234078
0.4471453689629041 -0.12028924573413981
0.4855160799014038 -0.11616403509184135
0.5246071268846246 -0.11195209349740183
0.5641725902020016 -0.10767321737259368
0.6039708615475464 -0.10334649234548977
0.6437976856394461 -0.09898697512036117
0.6834992541286011 -0.09460439755426686
0.72296791190103 -0.0902036409224452
0.7307648922603186 -0.08932842357419954
0.7327896808599628 -0.08910080205025481
0.7348156944642144 -0.08887290141195417
0.7348834372413615 -0.088865278758332
0.7349187246161194 -0.08886130803672053
0.7349509591726773 -0.08885768079663142
0.7352733216700751 -0.08882140451000181
0.7384986308293954 -0.08845825294725619
0.7709109239847055 -0.0847877512721703
0.7786483057913365 -0.08390555800848117
0.7806648758127116 -0.08367523615613234
0.7826823709110814 -0.08344464139612356
0.7841466290099098 -0.08327717481429207
0.7842925141028411 -0.08326048511763773
0.7844384039169238 -0.08324379399467331
0.7845025315431303 -0.08323645692988871
0.7845666600802516 -0.083229119589522
0.7845832684486513 -0.08322721929599852
0.7845915666817939 -0.08322626982583659
0.7845998649301734 -0.08322532035106023
0.7846083491744453 -0.08322434959190135
0.7846931924893508 -0.08321464173501426
0.785541712678432 -0.08311753663478669
0.7940354389836544 -0.08214383100311222
0.8326566725413657 -0.07767562148610896
0.8714861918881479 -0.07310903363293018
0.9102899295747253 -0.0684609405960897
0.9490344370807203 -0.06372447829865066
0.9876916685818791 -0.058891298912827
1.0262389925772495 -0.05395136152937344
1.064661034267863 -0.04889241825109167
1.1029522756367696 -0.04369927271742564
1.1411202197959105 -0.03835276922307036
1.1791880633135876 -0.03282857474171849
1.2171925429735244 -0.027096327181446066
1.2551607445162594 -0.021121830955892564
1.293011254067417 -0.014882568426629852
1.330264966319698 -0.00842220919797558
1.3657545819071888 -0.0019250529270273655
1.3983525266622319 0.004385948995410578
1.4278848122335575 0.010433411309960358
1.4547348863971048 0.01624704067356107
1.4793295903361083 0.021876591056736384
1.5020051778235766 0.027363510057482884
1.5230149527459318 0.03273912100511935
1.5425534985763594 0.038027298824649974
1.5607746715211 0.04324678180904641
1.564251241326985 0.04427756195491826
1.567692300011122 0.04530956084498849
1.5681098449238045 0.045435596315058314
1.568526862262988 0.04556164965719912
1.5686389696730307 0.04559556703571896
1.5686756738636722 0.04560667444443869
1.5686949752455868 0.0456125159743933
1.568712629085942 0.045617859212773455
1.5688891153127134 0.04567129335754892
1.5706487623963494 0.04620581042828809
1.5869677239757922 0.051322772118134366
1.6023230068073182 0.0564277736188097
1.6167199457807944 0.06150791726389874
1.6302236847315288 0.06657033690499632
1.6428886335438537 0.07162005293969086
1.6547590808028936 0.07665939603554457
1.6658699495941431 0.0816873653319617
1.6762480265517539 0.08669908925991979
1.6859142561761693 0.09168579672937908
1.6948873439238787 0.0966357262771194
1.7031880523579985 0.10153605989294141
1.7108427067431349 0.10637533222505635
1.7178845019562656 0.11114536837681793
1.7243523829299514 0.11584208995426164
1.7302884883618104 0.12046522073751764
1.735735436285229 0.1250173831798463
1.740734242485222 0.12950308427888244
1.745323067659851 0.13392786950641336
1.7495366520938416 0.13829772178755584
1.7534062076319925 0.1426186779390004
1.756959569700866 0.14689660467591326
1.7602214745681106 0.15113708018511865
1.7632138809389575 0.15534534108227532
1.765956291798745 0.15952626771273296
1.7684660549556175 0.16368439067276136
1.7707586335915222 0.16782390823153864
1.7728478447740208 0.17194870833603967
1.7747460674040572 0.17606239173427687
1.7764644225008708 0.1801682943142608
1.7780129291219504 0.18426950756036495
1.7794006393277009 0.18836889696194903
1.780635755114571 0.19246911806781644
1.7817257300463247 0.19657263046780113
1.782677357846325 0.2006817098985593
1.7834968498914252 0.20479845885721476
1.7841899031973318 0.20892481608246835
1.7847617602098163 0.2130625653534312
1.785217261444164 0.21721334395234793
1.7855608918261443 0.22137865126608772
1.7857968213857347 0.22555985779866983
1.7859289408351176 0.22975821499227955
