678
1.8369670554558502 0.217175378337993
1.8369486613806567 0.2222936016128771
1.8367944538970717 0.2274688823022459
1.83650807186603 0.2327028904624573
1.8360929724392367 0.23799727218653033
1.8355524368036122 0.24335369326240844
1.8348895754076393 0.2487738371615668
1.834107332991153 0.25425940362411387
1.833208493552404 0.25981210638687235
1.8321956852305834 0.2654336706376065
1.831071385250801 0.27112582948877617
1.8298379249321142 0.2768903198282407
1.828497494804867 0.28272887745756253
1.8270521500282195 0.2886432308704294
1.825503816036911 0.29463509425352585
1.8238542945386895 0.30070615931958056
1.8221052700903058 0.3068580853362411
1.8202583170625855 0.3130924882631314
1.8183149073612128 0.319410927820813
1.8162764187341154 0.3258148932798466
1.814144144030526 0.3323057869226649
1.8119193012220247 0.33888490597939047
1.809603044299315 0.34555342277845635
1.8071964753297605 0.3523123624314678
1.804700657246759 0.3591625794309329
1.8021166277309493 0.36610473220314216
1.799445413836716 0.3731392566805533
1.7966880473910471 0.38026633885713224
1.7938455808769593 0.38748588712438875
1.7909191033523797 0.3947975055180025
1.7879097563255 0.40220046801150966
1.7848187489773049 0.4096936953124548
1.7816473719810355 0.4172757358434884
1.7783970097967696 0.4249447510029585
1.7750691503592533 0.43269850707570834
1.7716653917323688 0.44053437448655347
1.7681874454360027 0.4484493347746984
1.7646371355169335 0.45643999708448585
1.7610163934829195 0.4645026235086505
1.7573272489509788 0.4726331632654588
1.753571816090308 0.48082729517417633
1.7497522763760247 0.4890804769627048
1.7458708582515647 0.49738799982977794
1.7419298145198265 0.5057450462726962
1.7379313984128377 0.5141467490010472
1.7338778395265428 0.5225882483580275
1.7297713200874014 0.5310647472735116
1.7256139530530856 0.5395715606820967
1.7214077623888147 0.5481041588583756
1.7171546658767447 0.5566582041042925
1.712856461517142 0.5652295788601139
1.7085148165149961 0.5738144075097811
1.7041312601646301 0.582409069486309
1.6997071788967968 0.591010207365309
1.695243814705397 0.5996147277484493
1.6907422653033 0.6082197983725656
1.6862034867116134 0.6168228402374296
1.6816282966712837 0.6254215179871396
1.6770173799997883 0.6340137265171373
1.6723712939034172 0.6425975776629276
1.6676904742834204 0.6511713850641893
1.6629752420520876 0.6597336490971288
1.658225809453486 0.6682830418978425
1.6534422862941853 0.6768183926643435
1.6486246855337612 0.685338674219745
1.6437729291833056 0.6938429891382053
1.6388868528352027 0.7023305583955854
1.6339662104332535 0.7108007096660778
1.6290106782065035 0.7192528671481956
1.6240198577871963 0.7276865428218061
1.6189932793198392 0.7361013277285109
1.613930403769972 0.7444968846058415
1.6088306244517976 0.7528729417790231
1.603693268545833 0.7612292869970878
1.5985175974952637 0.7695657630130357
1.5933028073897297 0.7778822630416315
1.588048028447108 0.7861787275062212
1.5827523244438366 0.7944551406650832
1.5774146911528515 0.8027115285713279
1.5720340545067737 0.8109479571722478
1.5666092681206256 0.8191645310763401
1.5611391103296497 0.8273613926903253
1.5556222807177826 0.8355387217120421
1.5500573958261625 0.8436967353773076
1.5444429842643213 0.851835689047663
1.538777481123494 0.8599558772134478
1.5330592215428072 0.8680576350399244
1.5272864332755463 0.876141340567147
1.5214572284950445 0.8842074171117313
1.5155695941760505 0.892256336675503
1.5096213813984525 0.9002886237174781
1.5036102929417712 0.9083048599846704
1.497533869418998 0.9163056898564161
1.4913894732335613 0.9242918269308441
1.4851742701298016 0.9322640618586481
1.4788852083967718 0.9402232710259985
1.4725189941297652 0.9481704277395503
1.4660720632589952 0.956106614516909
1.459540548574723 0.9640330381571542
1.4529202410290794 0.9719510477529926
1.4462065440877316 0.9798621562733001
1.4393944200972086 0.9877680659181324
1.4324783247564072 0.9956707005229842
1.4254521296300195 1.003572243379638
1.4183090267310392 1.011475185244841
1.411041411344672 1.0193823840275602
1.403640736494213 1.02729713988501
1.396097329568699 1.0352232912909314
1.3884001581148167 1.0431653395472338
1.380536525638223 1.0511286130278437
1.3724916711405888 1.0591194859300974
1.3642482280935435 1.0671456787228208
1.3557854800921678 1.07521667654501
1.3470783073720143 1.083344329289936
1.3380956506721873 1.0915437372385013
1.3287981927703858 1.0998346018897978
1.3191347180738096 1.108243364830074
1.3090361522003546 1.1168067234189016
1.2984054416547095 1.1255775681565323
1.2871005306762409 1.1346346459174013
1.2749138631997414 1.144091754220415
1.2616421004907052 1.1540361255625866
1.2477680000436648 1.1640445548559846
1.2344262751312975 1.1733037964486417
1.2217010883626833 1.1818090548747167
1.2093866783105136 1.1897433377929016
1.197332571896245 1.1972337477130004
1.185437992148816 1.2043631479301098
1.173631779992331 1.211188102644382
1.1618602806661897 1.2177492425987821
1.1500804647238005 1.2240770529337481
1.1382558506970137 1.230195245576227
1.126353925409191 1.2361228303992013
1.114344389927299 1.2418754502089762
1.1021978604234315 1.2474662826531304
1.0898848135212498 1.252906675353474
1.0773746322843527 1.258206615716887
1.064634650352966 1.2633750962651376
1.05162909543294 1.268420418558126
1.0383178231394712 1.2733504677788414
1.0246546920996764 1.2781729885265056
1.0105853589850722 1.282895895682451
0.9960441294124176 1.2875276686237722
0.9809492217601523 1.2920779094733978
0.9651952334892354 1.296558214492819
0.9486403144655388 1.3009836711922225
0.93108237491793 1.3053757035319056
0.9122094867928968 1.3097682005036995
0.8914773144707464 1.3142232110793441
0.8677114289437755 1.3188835231786564
0.8372922994597553 1.3242053684691881
0.8133897802610217 1.3279215288643735
0.7886849872423154 1.3313677950413232
0.7646573220742 1.334364889325834
0.7407825014256577 1.3370238845041391
0.7165540992502417 1.3394229694131354
0.6915356529520088 1.341609554407952
0.6652198770497074 1.3436176034262912
0.6368556159757978 1.3454766344857003
0.605409005692209 1.3472029617773376
0.5773746862215382 1.3484742949392206
0.5478224575300452 1.3495683771413913
0.519628455754851 1.35039918724599
0.4926851590203433 1.3510170151398146
0.46655171524811023 1.35146654158936
0.44095739827275254 1.3517761765669554
0.41572356883284356 1.3519654744838685
0.3907246624436668 1.3520487076777434
0.3658677524530094 1.3520367466813281
0.3410811207021152 1.3519381341633585
0.31630746194403403 1.3517597414150195
0.29149962436568405 1.3515071922360278
0.26661781053883493 1.3511851488862674
0.24162766897415558 1.3507975119477404
0.21649894785942678 1.3503475640789526
0.19120451343715192 1.3498380757558026
0.16571961495012832 1.3492713844424955
0.1400213176741117 1.3486494545941452
0.11408805256183407 1.3479739234316772
0.08789924643011873 1.3472461358283212
0.061435009752453 1.346467170679624
0.03467585913715624 1.345637860233266
0.00760246487275807 1.3447588035941367
-0.019804597616102444 1.3438303748103644
-0.04763292765958061 1.3428502931025892
-0.07615082249212408 1.3418090232881723
-0.10540519368678111 1.340704129806236
-0.1354470308349969 1.339532767307027
-0.16633324828609977 1.3382915760539267
-0.19812804014502045 1.3369765813463652
-0.23090466176167684 1.3355830605950498
-0.2647478438791943 1.3341053637624318
-0.29975715083626675 1.33253666526542
-0.3360518017458187 1.3308686113275534
-0.37377785698135024 1.329090800891372
-0.4131194180265608 1.3271899881612563
-0.4543170551401596 1.3251487905733441
-0.49770026633654335 1.3229434488053573
-0.5437499339908304 1.3205395835080391
-0.5932336547646936 1.3178831328556124
-0.6475513663755768 1.3148774677260509
-0.7098037046253891 1.311312587928479
-0.7726769455839945 1.3075744665771551
-0.8271394474999452 1.3042168031377286
-0.8815235937651696 1.3007446221133538
-0.9329380643237813 1.2973434650753086
-0.9822259976203221 1.2939654263741127
-1.03009623073885 1.2905644766688675
-1.0769803907533502 1.2871081065825862
-1.1232078569779378 1.2835665924834536
-1.1691136292409605 1.2799048689151347
-1.21514332440325 1.2760723741847018
-1.2620618426330281 1.2719804815034572
-1.3116736019324355 1.267423601447381
-1.3623754049323706 1.2624867805714879
-1.4017183018293426 1.2584324054541314
-1.4397100490286354 1.2543051105679888
-1.4730748469661386 1.250485712988258
-1.5030736760672876 1.2468760538416546
-1.5305647858919904 1.2434042463510553
-1.5560306030153899 1.240031786668001
-1.5797807473803072 1.2367352510881937
-1.6020350789523723 1.2334987227022591
-1.6229598992343854 1.230310593502959
-1.6426865049770327 1.2271619771593634
-1.6613218473408184 1.2240458219867252
-1.6789551545106 1.220956373171796
-1.695662289415411 1.217888826825101
-1.711508747481721 1.2148390970187386
-1.7265517948451747 1.2118036528408973
-1.740842038605439 1.2087794009557786
-1.7544246086257143 1.2057635987991908
-1.7673400665156123 1.2027537888513617
-1.7796251169285051 1.19974774803035
-1.7913131731686247 1.1967434480416779
-1.8024348134915282 1.193739023773285
-1.813018153322491 1.1907327478680503
-1.8230891526079074 1.1877230099166107
-1.8326718717115638 1.184708299344595
-1.8417886865956548 1.181687191132585
-1.8504604713017994 1.1786583337479755
-1.858706753403606 1.1756204389950538
-1.866545847829239 1.1725722732366854
-1.873994972381796 1.1695126498674238
-1.8810703480815052 1.1664404227994838
-1.8877872869865737 1.163354480692949
-1.8941602691647321 1.1602537419099725
-1.9002030105214884 1.1571371500514533
-1.905928522917716 1.154003669930147
-1.9113491675331593 1.150852283970652
-1.9164767024595457 1.1476819889424954
-1.9213223252353338 1.1444917930082859
-1.9258967110615448 1.1412807129886413
-1.9302100472236658 1.1380477718096744
-1.9342720640723887 1.1347919961836581
-1.9380920630364304 1.131512414460296
-1.941678942118268 1.1282080545306699
-1.9450412190221775 1.1248779418706936
-1.9481870521579068 1.1215210977403152
-1.9511242599261733 1.118136537339582
-1.9538603382211757 1.1147232681686683
-1.9564024765634669 1.1112802883267114
-1.9587575728546673 1.1078065849017638
-1.9609322468966228 1.1043011324588723
-1.9629328529171113 1.1007628914268126
-1.9647654910352006 1.0971908066213254
-1.9664360178651747 1.0935838057496465
-1.9679500563298382 1.0899407978814795
-1.9693130046974572 1.086260672006495
-1.97053004495892 1.0825422955856345
-1.9716061506186306 1.0787845130160216
-1.9725460938623036 1.0749861442875492
-1.9733544522822326 1.0711459833989585
-1.974035615067586 1.0672627969889479
-1.9745937887843794 1.063335322921423
-1.9750330027657161 1.059362268834337
-1.975357114127868 1.0553423107584798
-1.97556981245806 1.0512740917032188
-1.9756746241890608 1.047156220391388
-1.9756749167069616 1.0429872700206138
-1.9755739022078755 1.0387657769327956
-1.9753746396640524 1.0344902106901743
-1.9750800398020147 1.0301590311683766
-1.974692868662652 1.0257706579982404
-1.9742157507159797 1.021323470421005
-1.973651171851717 1.0168158068220852
-1.9730014822869484 1.0122459645648616
-1.972268899449676 1.0076122003221966
-1.9714555108039806 1.0029127304954726
-1.9705632767560004 0.99814573248936
-1.96959403360603 0.9933093463829551
-1.9685494966430293 0.9884016774107844
-1.9674312633954856 0.9834207991615961
-1.9662408171799128 0.9783647580082557
-1.964979530956579 0.973231578620353
-1.9636486715523025 0.9680192707006228
-1.9622494044605567 0.9627258376408815
-1.9607827992117433 0.9573492868737491
-1.9592498354377752 0.9518876422623423
-1.9576514098695437 0.9463389592259752
-1.9559883442179418 0.9407013422439295
-1.9542613942146427 0.9349729655569653
-1.9524712598921095 0.9291520971494466
-1.9506185972198538 0.9232371262393431
-1.9487040311926442 0.9172265944324378
-1.946728170438982 0.9111192306123299
-1.9446916234003735 0.9049139895856364
-1.942595015870639 0.8986100937194698
-1.9404390098850364 0.8922070774642151
-1.9382243236040886 0.8857048336273794
-1.935951751629015 0.8791036597239756
-1.9336221853139077 0.8724043031757247
-1.931236632102945 0.8656080026318685
-1.9287962330826212 0.8587165232581144
-1.9263022775850762 0.8517321829124443
-1.9237562137989594 0.8446578665731526
-1.921159654237382 0.8374970261718682
-1.91851437520146 0.8302536638728939
-1.9158223097356877 0.8229322978725455
-1.9130855337782933 0.8155379103792402
-1.9103062455546824 0.8080758783844797
-1.907486739648239 0.8005518915261627
-1.904629376575833 0.7929718595916888
-1.9017365495147542 0.7853418143209946
-1.8988106501611925 0.7776678109101673
-1.8958540356611813 0.7699558343532226
-1.892868998131522 0.7622117145096649
-1.8898577378940355 0.7544410526569334
-1.8868223420185601 0.7466491634109947
-1.8837647676182012 0.7388410302678056
-1.8806868307801792 0.7310212767333988
-1.8775902005592175 0.7231941512379418
-1.8744763971029756 0.7153635231765195
-1.8713467937922739 0.7075328895216962
-1.8682026221575514 0.6997053886552212
-1.8650449790341377 0.6918838198990443
-1.8618748352310535 0.6840706667949202
-1.8586930450801704 0.6762681224600526
-1.8555003563663863 0.6684781157189719
-1.8522974202599063 0.6607023370407406
-1.8490848010838137 0.6529422638503433
-1.8458629855510928 0.6451991843169382
-1.8426323912762719 0.6374742191622326
-1.8393933748037439 0.6297683420867852
-1.8361462387612455 0.6220823978931499
-1.8328912384757823 0.6144171191359531
-1.8296285876597596 0.6067731403936917
-1.8263584638452994 0.5991510117853927
-1.8230810126707866 0.5915512096524493
-1.8197963522077494 0.5839741472098645
-1.816504576293749 0.5764201827728694
-1.8132057577338565 0.568889627585673
-1.8098999509396063 0.5613827522686601
-1.8065871942472125 0.5538997924598327
-1.803267512121279 0.5464409541253825
-1.7999409167093694 0.5390064173449984
-1.7966074094477043 0.5315963401679763
-1.7932669824196197 0.5242108618685888
-1.7899196194079163 0.516850105484183
-1.7865652968390273 0.5095141800862858
-1.783203984779962 0.5022031831367849
-1.779835647516663 0.4949172019027227
-1.7764602442277124 0.4876563150626413
-1.7730777294038536 0.48042059374695345
-1.7696880535620712 0.4732101031942138
-1.76629116323371 0.46602490284316544
-1.762887001657107 0.4588650479189446
-1.759475508895708 0.451730589785073
-1.7560566220281657 0.44462157644789974
-1.752630275396585 0.4375380531773239
-1.7491964008445344 0.4304800630973935
-1.745754927779812 0.42344764741023333
-1.74230578318599 0.41644084551815813
-1.73884889184957 0.40945969558463347
-1.735384176424351 0.40250423475788916
-1.7319115575144262 0.39557449943107825
-1.7284309534858968 0.38867052496354904
-1.7249422808245785 0.3817923464919043
-1.7214454539395139 0.374939998635308
-1.7179403852351693 0.36811351573886963
-1.7144269850779728 0.36131293190991487
-1.7109051619082445 0.3545382813371549
-1.7073748219984433 0.34778959792926367
-1.7038358696917102 0.3410669158816077
-1.700288207153435 0.33437026931057207
-1.6967317344572892 0.3276996925320264
-1.693166349511914 0.32105522003839454
-1.689591948131621 0.3144368867474767
-1.6860084237401958 0.30784472757403625
-1.6824156675464468 0.30127877788255897
-1.6788135684723475 0.294739073480103
-1.6752020128620482 0.2882256502208245
-1.6715808847476417 0.28173854462589454
-1.6679500655332593 0.2752777934529697
-1.664309434072937 0.26884343398229993
-1.660658866496319 0.2624355038563155
-1.656998236188544 0.2560540411998564
-1.653327413668278 0.2496990845663133
-1.6496462665789136 0.24337067308660787
-1.6459546595134635 0.23706884633605768
-1.6422524539038488 0.23079364432280597
-1.6385395080773542 0.224545107764718
-1.634815676905689 0.21832327768407409
-1.6310808119243756 0.2121281958051318
-1.6273347611125901 0.2059599043860868
-1.623577368740739 0.19981844617743832
-1.6198084752984574 0.19370386452153796
-1.616027917387084 0.18761620340051893
-1.6122355275753666 0.1815555074336338
-1.6084311340941075 0.1755218216307827
-1.6046145609647955 0.16951519184883176
-1.6007856276135057 0.16353566443801032
-1.596944148823807 0.1575832864398896
-1.5930899344909863 0.15165810548477618
-1.589222789508375 0.14576016990795573
-1.5853425134922678 0.1398895286312838
-1.581448900767827 0.13404623145525596
-1.577541739773054 0.12823032848974386
-1.573620813255398 0.12244187079408257
-1.569685897810534 0.11668091004402993
-1.5657367636875539 0.11094749861813995
-1.5617731745081616 0.10524168957563688
-1.5577948870713874 0.09956353677698006
-1.553801650906737 0.09391309466492626
-1.5497932080996155 0.08829041845938443
-1.5457692929106515 0.08269556408052209
-1.5417296315242521 0.07712858827801108
-1.5376739415543146 0.07158954844949665
-1.5336019316917493 0.06607850268758791
-1.5295133014413964 0.060595509973276215
-1.5254077404295554 0.05514062982208093
-1.5212849282470522 0.04971392268440255
-1.5171445337513545 0.044315449656874326
-1.512986214629837 0.038945272582729555
-1.5088096168355585 0.03360345402404525
-1.5046143740306848 0.028290057287468542
-1.5004001068272346 0.023005146240551777
-1.4961664224936289 0.017748785762450925
-1.4919129137876972 0.012521041150750775
-1.4876391585105786 0.0073219784909273715
-1.4833447185417346 0.00215166444071083
-1.4790291391479966 -0.0029898335850101878
-1.4746919177603908 -0.008102482972301832
-1.470332212754587 -0.013186620654528606
-1.4659494923214331 -0.018242187261739883
-1.461543198796054 -0.02326912749109738
-1.4571127501484122 -0.028267386772457617
-1.452657538539785 -0.03323691129402018
-1.448176928523783 -0.0381776482995629
-1.443670255164479 -0.04308954632901775
-1.439136822039362 -0.04797255542815867
-1.4345758991919622 -0.052826627246945035
-1.429986720549813 -0.05765171552642812
-1.425368481384663 -0.06244777632867438
-1.4207203354495679 -0.06721476838358352
-1.4160413917573869 -0.07195265355649914
-1.4113307111328501 -0.07666139726983677
-1.4065873022432853 -0.08134096914373393
-1.4018101174951112 -0.08599134342986768
-1.396998048118952 -0.09061249986747506
-1.3921499189631512 -0.09520442439286368
-1.3872644826843072 -0.09976710995811011
-1.382340412965144 -0.1043005577339789
-1.3773762971045533 -0.10880477828770957
-1.3723706279495953 -0.11327979269398043
-1.3673217941443743 -0.11772563440170282
-1.3622280695621451 -0.12214235093924315
-1.3570876012328792 -0.12653000594671635
-1.3518983954147041 -0.13088868166596254
-1.3466583016068192 -0.13521848185345828
-1.3413649944476673 -0.13951953493547609
-1.336015952451042 -0.14379199799627834
-1.3306084333921564 -0.14803606139678147
-1.3251394460799946 -0.15225195384610454
-1.3196057166044584 -0.15643994894012603
-1.3140036493897973 -0.16060037229732138
-1.3083292806088576 -0.1647336104380687
-1.3025782235278895 -0.16884012081911898
-1.2967456033361282 -0.1729204437394825
-1.29082598004213 -0.17697521580106493
-1.284813256304348 -0.18100518550799258
-1.2787005692958804 -0.1850112296807357
-1.2724801638993828 -0.18899437027590085
-1.266143248864143 -0.19295578804800323
-1.2596798413309973 -0.19689682722896573
-1.2530786186018505 -0.2008189779608303
-1.246326822527886 -0.20472381028069284
-1.2394103216061354 -0.20861280610937716
-1.2323140560976535 -0.21248698512993053
-1.2250233338727328 -0.21634612566665676
-1.2175268457763753 -0.22018724722114108
-1.2098226734254176 -0.22400195421094485
-1.201927904229911 -0.2277727436464281
-1.193888137765807 -0.2314704314539103
-1.185775512563575 -0.23505760831821387
-1.1776674101039082 -0.23849987374475945
-1.1696210141286314 -0.24177634402855902
-1.161664859846124 -0.2448809655074384
-1.1538056741423657 -0.2478174580297238
-1.1460381203265444 -0.2505940545791767
-1.138351551832647 -0.2532202803072597
-1.130733617003756 -0.25570542037298105
-1.123171922533223 -0.25805792568869934
-1.1156546980983721 -0.2602852584093732
-1.1081709903384838 -0.2623939209403179
-1.100710648996589 -0.2643895501813226
-1.093264228695262 -0.26627702606678305
-1.0858228631130942 -0.2680605738821504
-1.0783781351399933 -0.2697438536276001
-1.0709219528794847 -0.2713300350399567
-1.0634464331359421 -0.27282185939602915
-1.0559437924613027 -0.2742216895361189
-1.048406243717393 -0.2755315497927054
-1.0408258936171604 -0.2767531575970413
-1.0331946413655106 -0.27788794735875877
-1.0255040723164206 -0.2789370880050839
-1.0177453441119848 -0.2799014945427567
-1.0099090616552797 -0.2807818339038092
-1.001985134541135 -0.28157852529373223
-0.9939626111569985 -0.2822917346890425
-0.9858294811610705 -0.28292136288916475
-0.9775724356082837 -0.2834670260737389
-0.9691765690385684 -0.2839280273077971
-0.9606250013879687 -0.2843033165817488
-0.9518983913567458 -0.2845914356050364
-0.9429742922473167 -0.2847904420232456
-0.9338262824347584 -0.28489780444758595
-0.9244227583376663 -0.28491025492614264
-0.9147252071958843 -0.28482357682266907
-0.9046856447282623 -0.28463229038587556
-0.8942426416370441 -0.28432916777910056
-0.8833148177065441 -0.2839044456058777
-0.8717894072060755 -0.2833444564538687
-0.8595001753971266 -0.2826290213270322
-0.8461786496706517 -0.2817257802205901
-0.8313217614244258 -0.28057506635115054
-0.8136770739215817 -0.27903198973183646
-0.7953669915773824 -0.2772523933734402
-0.7786158399580514 -0.2754863322100909
-0.7611949774110804 -0.27352963552922177
-0.7439260887010009 -0.27148725324060013
-0.7265978012293217 -0.2693516919684259
-0.7092815610422862 -0.26714648203614505
-0.6923111272318758 -0.2649293738598017
-0.6758962833884874 -0.262742939739265
-0.6600268224881106 -0.2605986459127736
-0.6446060643035454 -0.2584932498171534
-0.6295311065339494 -0.2564200725817776
-0.6147146213296887 -0.2543727239507258
-0.6000864323462372 -0.2523459007058952
-0.585590478412753 -0.25033535755426795
-0.5711815112244187 -0.24833770564441027
-0.5568224372482726 -0.24635021390487802
-0.5424823357230065 -0.2443706497319573
-0.5281350078940533 -0.2423971585814191
-0.5137579130876853 -0.2404281744228846
-0.49933138169114766 -0.23846235325272844
-0.4848380240244107 -0.23649852317132072
-0.47026228145747806 -0.23453564667818724
-0.4555900801139144 -0.2325727917599914
-0.44080856000991114 -0.2306091094292047
-0.4259058608821507 -0.22864381610738455
-0.41087095035662546 -0.22667617957681005
-0.39569348441088675 -0.22470550762525937
-0.3803636931482423 -0.22273113879426495
-0.3648722856506894 -0.22075243465845198
-0.3492103701264838 -0.218768773326335
-0.3333693860908339 -0.2167795438778991
-0.31734104607259184 -0.21478414152155045
-0.3011172850161548 -0.21278196331675783
-0.28469021515221654 -0.2107724042449873
-0.2680520861455325 -0.20875485365202892
-0.25119524861659975 -0.20672869186258958
-0.23411212069883713 -0.20469328695463937
-0.2167951566769507 -0.20264799159908212
-0.19923681705015478 -0.20059213990283598
-0.18142953927125288 -0.1985250441794434
-0.16336570930947528 -0.1964459916725914
-0.14503763263189257 -0.19435424107355248
-0.12643750449140237 -0.192249018823963
-0.10755737934990972 -0.19012951518335872
-0.08838913817027792 -0.18799487991467753
-0.06892445313557342 -0.1858442175345105
-0.04915474944122697 -0.18367658208043564
-0.02907116274365467 -0.181490971227383
-0.008664491448264349 -0.17928631965004907
0.01207485737558163 -0.17706149148090508
0.03317131864686312 -0.1748137436978488
0.054802021760440446 -0.172524228239309
0.07699470550355032 -0.1701901568874144
0.09977850798106802 -0.16780856035237723
0.12318530275233194 -0.16537613916072197
0.1472501536137851 -0.1628892074347249
0.17201186946329536 -0.1603436242632621
0.1975136996245352 -0.15773470789561564
0.22380421716992538 -0.15505712706332356
0.25093846010249543 -0.1523047611349991
0.27897943292868427 -0.14947051699957642
0.30800012379727787 -0.14654608447334744
0.3380862803255763 -0.14352160190487265
0.36934033914360226 -0.140385186277218
0.40188716669749014 -0.13712225209965676
0.43588277565176664 -0.13371448587998822
0.47152816352908267 -0.1301382315967821
0.5090924732652011 -0.12636181002819755
0.5489541957117668 -0.12234078124840649
0.5916791262997385 -0.11800900854401722
0.6381697236947047 -0.11326139626839138
0.6898212934777707 -0.10793352914108138
0.7465400685654727 -0.10200194504625741
0.7953326451234931 -0.09681622536977144
0.8442702643744886 -0.09152275116200038
0.8907047401726305 -0.08640001109781102
0.9352857118753156 -0.08137574482390197
0.9785969466033458 -0.07638064232035498
1.0209836825060614 -0.07136835285548902
1.0626839351583997 -0.06630158561297003
1.103907147305112 -0.06114287358486842
1.1448898588835037 -0.055846725867868395
1.1859659608189161 -0.05034804179258726
1.2277131884315484 -0.0445365219187352
1.2714043208658599 -0.038177400984651264
1.3209566867151095 -0.030563994544543
1.3562654680529769 -0.02483458336416189
1.3902442394071335 -0.019042057281641524
1.4200572298055714 -0.013701413832370755
1.4468283473516481 -0.008670933452450832
1.471324015819804 -0.003847443390206845
1.4939772300288743 0.0008249583928564208
1.5150668415980857 0.005380634088166564
1.534791330397139 0.009843120194195705
1.5533010980534387 0.014229690959855032
1.5707150436416482 0.018553634933895634
1.5871301229245467 0.022825538577351243
1.602627294077877 0.027054068029691625
1.6172754355388026 0.03124647455079518
1.631134044679642 0.03540893655577086
1.6442551639551373 0.03954679965290102
1.6566847973133592 0.04366475048678152
1.6684639770895704 0.04776694571357002
1.6796295849073548 0.051857109870347425
1.6902149948159961 0.055938611066443114
1.7002505851527006 0.06001452051699922
1.7097641513888053 0.06408765999019618
1.7187812432930631 0.06816064015033681
1.7273254434561784 0.07223589199293398
1.735418599272464 0.0763156927457985
1.7430810181803547 0.08040218756788091
1.7503316330359495 0.08449740778089365
1.757188143267346 0.0886032863413316
1.7636671362292098 0.09272167112215939
1.7697841921704016 0.09685433642144584
1.7755539752283176 0.10100299280649974
1.780990313199123 0.10516929590831027
1.7861062672848882 0.10935485398168733
1.7909141937517548 0.1135612347294424
1.7954257984293076 0.11778997134227089
1.7996521850182805 0.1220425678114782
1.803603898309561 0.12632050386111746
1.8072909627509848 0.13062523935566794
1.810722916964017 0.13495821822490747
1.8139088449217318 0.13932087221273814
1.8168574038787761 0.1437146240888348
1.8195768497896123 0.14814089083170515
1.8220750602287288 0.15260108643270032
1.8243595552620064 0.1570966246015041
1.8264375163165436 0.1616289210562569
1.8283158035488796 0.16619939598097414
1.8300009715576864 0.1708094760243753
1.831499283840545 0.17546059633643205
1.8328167259993413 0.18015420236009128
1.8339590178721774 0.18489175149609993
1.8349316247065512 0.18967471469829636
1.8357397674399445 0.19450457790747858
1.8363884321789876 0.1993828432929172
1.8368823789696624 0.20431103031535258
1.8372261499402442 0.20929067668914805
1.8374240768699626 0.2143233392640098
